10 10 1
11 10 0.5
11 11 1
12 10 0.25
12 11 0.25
12 12 1
13 10 0.25
13 11 0.25
13 12 0.5
13 13 1
14 10 0
14 11 0
14 12 0
14 13 0
14 14 1
15 10 0
15 11 0
15 12 0
15 13 0
15 14 0.5
15 15 1
16 10 0
16 11 0
16 12 0
16 13 0
16 14 0.25
16 15 0.25
16 16 1
17 10 0
17 11 0
17 12 0
17 13 0
17 14 0.25
17 15 0.25
17 16 0.5
17 17 1
18 10 0
18 11 0
18 12 0
18 13 0
18 14 0
18 15 0
18 16 0
18 17 0
18 18 1
19 10 0
19 11 0
19 12 0
19 13 0
19 14 0
19 15 0
19 16 0
19 17 0
19 18 0.5
19 19 1
20 10 0
20 11 0
20 12 0
20 13 0
20 14 0
20 15 0
20 16 0
20 17 0
20 18 0.25
20 19 0.25
20 20 1
21 10 0
21 11 0
21 12 0
21 13 0
21 14 0
21 15 0
21 16 0
21 17 0
21 18 0.25
21 19 0.25
21 20 0.5
21 21 1
